99099999 99999999 99999999 00999990
99000999 99999999 99999990 09999900
99900999 99999999 99999900 99999900
99990099 99999999 99990009 99900009
99999000 99999999 99900999 99000999
99999990 09999999 99909999 99009999
99999999 00999999 99099999 90099999
09999999 00099999 90999990 00999999
00999999 99009999 90999900 99999999
90900999 99990999 09999099 99999999
99090099 99999090 00990999 99999999
99999009 99999000 00009999 99999999
99999990 90090000 00000999 99999999
99999999 09090000 00000999 99999999
99999999 99900000 00000099 99999900
99999999 99900000 00000099 99090009
99999999 99000000 00000090 90909999
99999909 00990000 00000909 09999999
99990090 99990000 00000999 99999999
99000999 99909000 00009999 99999999
00099999 99099990 00990909 99999999
00999999 90999990 99999090 90999999
09999999 00999909 99999999 09099999
99999000 09999909 99999999 99900999
99990000 99999099 99999999 99990090
99000099 99990999 99999999 99999909
90000999 99900999 99999999 99999999
00099999 99009999 99999999 99999999
00099999 99099999 99999999 99999999
00999999 00099999 99999999 99999999
00999900 09999999 99999999 99999999
09999000 99999999 99999999 99999999
