00999000 99999999 99999999 99999999
00999900 09999999 99999999 99999900
00099990 00099999 99999999 99999900
90099999 90009999 99999999 99999009
99000999 99000999 99999999 99990099
99900999 99990099 99999999 99000999
99990099 99999009 99999999 90099999
99999090 09999000 99999999 90999900
09999909 00999990 09999999 09999900
09999999 90099999 90999990 99999009
00009999 99909999 99099990 99900099
90000099 99990999 99000909 99009999
99999000 99999009 00000009 90999999
99999990 09099900 00000000 09999999
99999999 90900990 00000000 99999999
99999999 99999000 00000000 09999999
99999999 99999900 00000000 09999999
99999999 99999900 00000000 09999999
99999999 99999090 00000000 99999999
99999999 99990990 00000000 09099999
99999999 99909999 00000009 90909009
99999999 99009990 99000999 99990909
99999990 00099909 99909999 99999900
99999900 00999909 99990099 99999990
99990000 99999099 99999009 99999990
99900009 99990999 99999900 99999999
99900999 99900999 99999990 09999999
99000999 99009999 99999990 09999999
90009999 99099999 99999999 00909999
00009999 00099999 99999999 99000099
00099900 09999999 99999999 99000099
09999000 99999999 99999999 99990009
