99999999 99000999 99999999 99900099
99999999 90009999 99999999 99000999
99999999 00099999 99999999 90009999
99999999 09999999 99999999 90099999
99999990 09999999 99999990 00999999
99999900 99999999 99999900 09999999
99990099 99999999 99990909 99999999
99900999 99999999 99990099 99999999
99909999 99999999 99909999 99999999
99099999 99999999 09099999 99999999
90999999 99999900 90099999 99999999
00099999 99090009 99999999 99999999
00000990 90909999 99999999 99999999
00000009 09999999 99999999 99999999
00000099 99999999 99999999 99999999
00000009 99999999 99999999 99999999
00000009 99099999 99999999 99999999
00000000 90909099 99999999 99999999
00000099 09990909 99999999 99999999
00000099 99999990 09999999 99999999
00000999 99999999 00909999 99999999
00099099 99999999 00909999 99999999
09999909 99999999 99999000 09999999
90999900 99999999 99990990 00999999
99099999 00999999 99999999 00009999
99009999 90099999 99999999 99009099
99900999 99000999 99999999 90000999
99990999 99900999 99999999 99900009
99990099 99990009 99999999 99990900
99999009 99999000 99999999 99999990
99999900 99999900 09999999 99999990
99999990 99999990 00999999 99999999
