09999999 99999999 99000999 99999999
00999999 99999999 90099999 99999999
90009999 99999999 00099999 99999999
99900999 99999999 00999999 99999999
99990999 99999990 09999999 99999999
99999099 99999000 99999999 99999999
99999909 99990099 99999999 99999999
09999909 99909999 99999999 99999999
00999990 99099999 99999999 99999900
99099990 00999999 99999999 99990900
99909000 00009999 99999999 90090009
09990000 00000999 99999900 90909099
00090000 00000999 99090009 09999999
99000000 00000090 90909999 99999999
99900000 00000009 09999999 99999999
99900000 00000099 99999999 99999999
99990000 00000999 99999999 99999999
99900000 00000090 99999999 99999999
90099000 00009909 09099999 99999999
00999090 00999999 90909999 99999999
09990999 90999999 99990099 99999999
99909999 99099999 99999009 09999999
99009999 99099999 99999990 90090999
90099999 99909999 99999999 99000099
00999999 99990999 99999999 99999009
09999999 99990099 99999999 99999900
09999999 99999009 99999999 99999990
99999999 99999909 99999999 99999990
99999999 99999900 09999999 99999999
99999999 99999999 00999999 99999999
99999999 99999999 00099999 99999999
99999999 99999999 90009999 99999999
