99999999 99999999 99999999 99999999
99999999 99999999 99999999 99999999
99999999 99009999 99900099 99999999
99999999 90009999 99900009 99999999
99999990 00009990 09900009 99999999
99999990 00009900 09000009 99999999
99999990 00009000 00000009 99999999
99999990 00000011 01100009 99999999
99999990 00000011 01100009 99999999
99999990 00000011 01100009 99999999
99999999 00000011 01100000 99999999
99999999 00000011 01100000 99999999
99999999 00000001 00100000 99999999
99999999 00000000 00000000 99999999
99999999 00000000 00000099 99999999
99999999 00000000 00009999 99999999
99999999 99990000 00009999 99999999
99999999 99990000 00009999 99999999
99999999 97990100 00009999 99999999
99999999 96591110 00009000 99999999
99999999 99911111 00000000 09999999
99999999 00151111 00000000 09999999
99999900 00015110 00000000 09999999
99999900 00001100 00000000 09999999
99999900 00000000 00000000 09999999
99999990 00000000 00000000 09999999
99999990 00000000 00000000 99999999
99999990 00000000 00999999 99999999
99999990 00000099 99999999 99999999
99999990 99999999 99999999 99999999
99999999 99999999 99999999 99999999
99999999 99999999 99999999 99999999
