00000000 00000000 00000000 00000000
00000000 00000000 00000000 00000000
00000000 00000000 00000000 00000000
00000000 00000000 00000000 00000000
00000000 00000000 00000000 00000000
00000000 00000000 00000000 00000000
00000000 00000000 00000000 00000000
00000000 00000011 01100000 00000000
00000000 00000011 01100000 00000000
00000000 00000011 01100000 00000000
00000000 00000011 01100000 00000000
00000000 00000011 01100000 00000000
00000000 00000001 00100000 00000000
00000000 00000000 00000000 00000000
00000000 00000000 00000000 00000000
00000000 00000000 00000000 00000000
00000000 00000000 00000000 00000000
00000000 00000000 00000000 00000000
00000000 07000100 00000000 00000000
00000000 06501110 00000000 00000000
00000000 00011111 00000000 00000000
00000000 00151111 00000000 00000000
00000000 00015110 00000000 00000000
00000000 00001100 00000000 00000000
00000000 00000000 00000000 00000000
00000000 00000000 00000000 00000000
00000000 00000000 00000000 00000000
00000000 00000000 00000000 00000000
00000000 00000000 00000000 00000000
00000000 00000000 00000000 00000000
00000000 00000000 00000000 00000000
00000000 00000000 00000000 00000000
