99999999 99999999 99999999 99999999
99999999 99999999 99999999 99999999
99999999 99999999 99999999 99999999
99999999 90009999 99990009 99999999
99999999 90009990 09990009 99999999
99999999 90009990 09990009 99999999
99999999 90000000 00000009 99999999
99999999 90000770 07700009 99999999
99999999 90000770 07700009 99999999
99999999 90000770 07700009 99999999
99999999 90000770 07700009 99999999
99999999 90000770 07700009 99999999
99999999 90000000 00000009 99999999
99999999 90000000 00000009 99999999
99999999 90000000 00000009 99999999
99999999 99990000 00009999 99999999
99999999 99990000 00009999 99999999
99999999 99990000 00009979 99999999
99999999 99990000 00449569 99999999
99999999 99990000 04444999 99999999
99999990 00000000 44444400 09999999
99999990 00000000 44443400 09999999
99999990 00000000 04434000 09999999
99999990 00000000 00440000 09999999
99999990 00000000 00000000 09999999
99999990 00000000 00000000 09999999
99999990 00000000 00000000 09999999
99999990 00000000 00000000 09999999
99999999 99999999 99999999 99999999
99999999 99999999 99999999 99999999
99999999 99999999 99999999 99999999
99999999 99999999 99999999 99999999
