00000000 00000000 00000000 00000000
00000000 00009990 00000000 00000000
09000000 99000900 00000000 00000990
09900000 09000990 00000000 00009990
09990000 09000090 00000000 00099900
00999000 09900099 00000000 00999000
00999000 00900009 00000000 09999000
00099990 00990000 90000000 99900000
00009999 00009000 09000009 90000090
00000999 90000900 00990090 00099990
00000009 99900099 00090900 00990000
00000000 99990000 90099900 00900000
00000000 00099000 09999999 09000000
00000000 00009000 99999999 90000000
00000000 00000900 99999999 90000000
00000000 00000099 99999999 99000000
00000000 00000009 99999999 99900000
70000000 00000009 99999999 99090000
EEE00000 00000000 99999999 90000000
EEEE0000 00000099 99999999 90000990
EEEEE000 00009090 09999999 00000009
00EEEE00 00090900 09099900 00000000
00000000 00990009 90000900 00000000
07777000 09900099 00000099 00000000
77EEEE00 00000990 00000000 90990000
77EEEEE0 00009900 00000000 09090000
7EEEEEEE 00000000 00000000 00099900
77EE0EEE 00000090 00000000 00009900
77000009 00000EE0 00000000 00009900
00000000 00009990 00000000 00000990
00000000 000EEE00 00000000 00000000
00000000 77EEEE00 00000000 00000000