00000000 00000000 00000000 00000000
00000000 00000000 00000000 00000000
00000000 00000000 00000000 00000000
00000000 00000000 00000000 00000000
00000000 00000000 00000000 00000000
00000000 00000000 00000000 00000000
00000000 07777700 00000000 00000000
00000000 77777EEE 00000000 00000000
00000007 7777EEEE E0000000 00000000
00000777 77777EEE EE000000 00000000
00007777 7777700E EEE00000 90000000
00777777 77000000 00000009 00990000
00777777 77007777 00900999 09000000
77777777 70077EEE E0099999 99099000
77777777 77777EEE EE999999 99990000
77777777 7777EEEE EEE99999 99900000
77777777 77777EE0 EEE99999 99990000
77777777 77777000 09E99999 99990000
77777777 77700000 99999999 99990000
77777777 70000009 00999999 99909000
77777777 70000000 09999999 99900900
77777777 00000000 99099999 99000000
77777777 00000000 00000E99 09000000
77777777 70000000 0000EE09 00900000
77777777 70000000 000EEE00 90900000
77777777 77000000 00EEE000 00000000
77777777 77700007 7EEEE000 00000000
77777777 77770077 EEEEE000 00000000
77777777 77777777 EEEE0000 00000000
77777777 77777777 7EE00000 00000000
77777777 77777777 77700000 00000000
77777777 77777777 77000000 00000000