00000000 00000000 00000000 00000090
00000070 70000000 00000000 00900990
00009777 00000000 00000099 09900900
00009900 00000000 00000099 99009909
00000999 00000000 00700009 90099009
00990099 99000007 00000099 99999999
00090990 99000707 00009990 99990000
00099990 00000000 07009000 99000000
00000999 09000000 77000009 99900000
00000909 99000000 67700909 09990000
00099900 00000007 76700999 00999000
00090990 00090707 76700000 00099990
90990099 90990007 77707000 00090099
99900090 99900077 77700000 00999000
00000990 00000777 77700000 09909900
00000900 90070777 77770000 00900990
00009999 99000777 77770000 00900099
00099090 09900777 67770070 99990000
00990000 00900776 67777000 90999000
00900009 00090766 77776000 00909900
00999099 00000756 77666000 99900900
09909990 00000756 76660009 99090000
99000900 00007666 66560999 09000000
90000990 00007566 65560000 09000000
00000099 00006566 65560000 99900000
00000000 00007666 55660099 99990000
00000000 00007566 65550990 09090000
00000000 00005665 65550000 99000000
00000000 00076665 55560000 90000000
00000000 00077666 55677009 90000000
00000000 00888888 88888809 00000000
00000000 08888888 88888880 00000000
