00000000 00000000 00000000 00000000
00000000 00070000 00000000 00000000
00000000 77700000 00000022 02000000
00000000 07000000 00000022 22000000
00000222 00000000 00000002 20020000
00000022 22000000 00000022 22220000
00000020 22000000 00000000 20000000
00002220 00000000 00000000 20000000
00000022 00000000 00000002 22000000
00000002 00000000 00000000 02200000
00000000 00000000 00000000 00200000
00000000 00000000 00000000 00000000
00000000 00000000 00000000 00000000
00000000 00000000 00000000 00000000
00000000 00000000 00000000 00000000
00000000 00000000 00000000 00000000
00000000 00000000 00000000 00000000
00000000 00000000 00000000 00000000
00000000 00000000 00000000 00000000
00000000 00000000 00000000 00000000
00000000 00000000 00000000 00000000
00000000 00000000 00000000 00000000
00000000 00000000 00000000 00000000
00000000 00000000 70000000 00000000
00000000 00000007 70000000 00000000
00000000 00000077 77000000 00000000
00000000 00007056 77000000 00000000
00000000 00000766 67000000 00000000
00000000 00000566 56700000 00000000
00000000 00007765 55770000 00000000
00000000 00888888 88888800 00000000
00000000 08888888 88888880 00000000
