00000000 00000000 00000000 00000000
00000000 00070700 00000000 00000000
00000000 00777000 00000022 02200200
00000200 00000000 00000022 22002200
00000222 00000000 00000002 20022000
00000022 22000000 00000022 22220000
00020220 22000000 00000220 22220000
00022220 00000000 00000000 22000000
00000222 00000000 00000002 22200000
00000202 20000000 00000002 02220000
00022200 00000000 00000002 00222000
00020220 00000000 00000000 00022200
00000022 20000000 00000000 00020000
00000020 22000000 00000000 00222000
00000220 00000000 00000000 02202000
00000000 00000000 00000000 00200000
00000000 00000007 07000000 00200000
00000000 00000000 77000000 22200000
00000000 00000000 77700000 20000000
00000000 00000007 67700000 00000000
00000000 00000007 76700000 00000000
00000000 00000077 76700000 00000000
00000000 00000777 77707000 00000000
00000000 00070776 67770000 00000000
00000000 00000756 77650000 00000000
00000000 00000556 75667000 00000000
00000000 00006666 65566000 00000000
00000000 00007566 65560000 00000000
00000000 00005665 55550000 00000000
00000000 00077666 55677000 00000000
00000000 00888888 88888800 00000000
00000000 08888888 88888880 00000000
