00000000 00000000 00000000 00000000
00000000 00000000 00000000 00000000
00000000 00990000 00099900 00000000
00000000 09990000 00099990 00000000
00000009 99990009 90099990 00000000
00000009 99990099 90999990 00000000
00000009 99990999 99999990 00000000
00000009 99999119 11999990 00000000
00000009 99999911 91199990 00000000
00000009 99999911 91199990 00000000
00000000 99999911 91199999 00000000
00000000 99999911 91199999 00000000
00000000 99999991 99199999 00000000
00000000 99999999 99999999 00000000
00000000 99999999 99999900 00000000
00000000 99999999 99990000 00000000
00000000 00009999 99990007 00000000
00000000 00009999 99990006 00000000
00000000 00009999 99190670 00000000
00000000 00009999 91119500 00000000
00000000 00009999 11111999 90000000
00000000 99999999 11114199 90000000
00000099 99999999 91141999 99000000
00000099 99999999 99119999 99000000
00000099 99999999 99999999 99000000
00000009 99999999 99999999 99000000
00000009 99999999 99999999 00000000
00000009 99999999 99000000 00000000
00000009 99999900 00000000 00000000
00000009 00000000 00000000 00000000
00000000 00000000 00000000 00000000
00000000 00000000 00000000 00000000