00000000 00000000 00000000 00000000
00000000 00000000 00000000 00000000
00000000 00000000 00000000 00000000
00000000 00000000 00000000 00000000
00000000 00000000 00000000 00000000
00000000 00000000 00000000 00000000
00000000 00009000 00000000 00000000
00000000 00099009 90007000 00000000
00000000 00099999 99709900 00000000
00000000 00099999 95699990 00000000
00000000 00099991 19999990 00000000
00000000 00999111 11199990 00000000
00000000 00991111 11119900 00000000
00000000 00011111 11441900 00000000
00000000 00011111 11411900 00000000
00000000 00111111 11141100 00000000
00000000 00111111 11111100 00000000
00000000 00011111 11111000 00000000
00000000 00011111 11111000 00000000
00000000 00991111 11110000 00000000
00000000 09999111 11190000 00000000
00000000 09999991 19990000 00000000
00000000 09999999 99999000 00000000
00000000 09999999 99999990 00000000
00000000 00999999 99999990 00000000
00000000 00000099 99999900 00000000
00000000 00000000 00999900 00000000
00000000 00000000 00000000 00000000
00000000 00000000 00000000 00000000
00000000 00000000 00000000 00000000
00000000 00000000 00000000 00000000
00000000 00000000 00000000 00000000
