00000000 00000000 00000000 00000000
00000000 00000000 00700000 00000000
00000000 00000000 00700000 00000000
00000000 00000000 07700000 00000000
00000000 07000000 07700000 00000000
00000000 00000000 77700000 00000000
00000007 00000000 75700000 00000000
00000006 50011110 15700000 00070000
00000000 01111111 11700000 00700000
00000070 01111441 11110000 07700000
00000007 11111414 41111006 66000000
00000000 11111114 11110665 60007000
00000001 11111111 11606555 56670000
00000001 11111161 11666551 55600000
00000001 11111065 56555661 56000000
07700001 11116655 55555111 55577700
00077601 10016555 55566111 16667000
00007761 60665555 55556111 16000000
00000655 56655555 56111111 10000000
00000066 55555565 51111111 15700000
00006655 56566616 51111111 65577700
07770065 66511611 11111111 00007770
00000666 06511111 11111110 00000000
00007600 65551111 11111117 00000000
00000007 65556611 11111077 00000000
00000007 66056001 51070000 70000000
00000077 00066006 57000000 00000000
00000000 00066006 57000000 00000000
00000000 00070007 67000000 00000000
00000000 00770007 70000000 00000000
00000000 00700000 70000000 00000000
00000000 00000000 00000000 00000000
