00700000 00000000 00000000 77000007
00777000 00000000 00000007 70000077
00077000 00000000 00000077 00000077
00007700 00000000 00007770 00077770
00000777 00000000 00077000 00777000
00000007 70000000 00070000 00770000
00000000 77000000 00700000 07700000
70000000 77700000 07000007 77000000
77000000 00770000 07000077 00000000
07077000 00007000 70000700 00000000
00707700 00000707 77007000 00000000
00000770 00000777 77770000 00000000
00000007 07707777 77777000 00000000
00000000 70707777 77777000 00000000
00000000 00077777 77777700 00000077
00000000 00077777 77777700 00707770
00000000 00777777 77777707 07070000
00000070 77007777 77777070 70000000
00007707 00007777 77777000 00000000
00777000 00070777 77770000 00000000
77700000 00700007 77007070 00000000
77000000 07000007 00000707 07000000
70000000 77000070 00000000 70700000
00000777 70000070 00000000 00077000
00007777 00000700 00000000 00007707
00777700 00007000 00000000 00000070
07777000 00077000 00000000 00000000
77700000 00770000 00000000 00000000
77700000 00700000 00000000 00000000
77000000 77700000 00000000 00000000
77000077 70000000 00000000 00000000
70000777 00000000 00000000 00000000