00000000 00777000 00000000 00077700
00000000 07770000 00000000 00777000
00000000 77700000 00000000 07770000
00000000 70000000 00000000 07700000
00000007 70000000 00000007 77000000
00000077 00000000 00000077 70000000
00007700 00000000 00007070 00000000
00077000 00000000 00007700 00000000
00070000 00000000 00070000 00000000
00700000 00000000 70700000 00000000
07000000 00000077 07700000 00000000
77700000 00707770 00000000 00000000
77777007 07070000 00000000 00000000
77777770 70000000 00000000 00000000
77777700 00000000 00000000 00000000
77777770 00000000 00000000 00000000
77777770 00700000 00000000 00000000
77777777 07070700 00000000 00000000
77777700 70007070 00000000 00000000
77777700 00000007 70000000 00000000
77777000 00000000 77070000 00000000
77700700 00000000 77070000 00000000
70000070 00000000 00000777 70000000
07000077 00000000 00007007 77000000
00700000 77000000 00000000 77770000
00770000 07700000 00000000 00770700
00077000 00777000 00000000 07777000
00007000 00077000 00000000 00077770
00007700 00007770 00000000 00007077
00000770 00000777 00000000 00000007
00000077 00000077 70000000 00000007
00000007 00000007 77000000 00000000