70000000 00000000 00777000 00000000
77000000 00000000 07700000 00000000
07770000 00000000 77700000 00000000
00077000 00000000 77000000 00000000
00007000 00000007 70000000 00000000
00000700 00000777 00000000 00000000
00000070 00007700 00000000 00000000
70000070 00070000 00000000 00000000
77000007 00700000 00000000 00000077
00700007 77000000 00000000 00007077
00070777 77770000 00000000 07707770
70007777 77777000 00000077 07070700
77707777 77777000 00707770 70000000
00777777 77777707 07070000 00000000
00077777 77777770 70000000 00000000
00077777 77777700 00000000 00000000
00007777 77777000 00000000 00000000
00077777 77777707 00000000 00000000
07700777 77770070 70700000 00000000
77000707 77000000 07070000 00000000
70007000 07000000 00007700 00000000
00070000 00700000 00000770 70000000
00770000 00700000 00000007 07707000
07700000 00070000 00000000 00777700
77000000 00007000 00000000 00000770
70000000 00007700 00000000 00000077
70000000 00000770 00000000 00000007
00000000 00000070 00000000 00000007
00000000 00000077 70000000 00000000
00000000 00000000 77000000 00000000
00000000 00000000 77700000 00000000
00000000 00000000 07770000 00000000