00000000 00000000 00000000 00000000
00000000 00000000 00000000 00000000
00000000 00000000 00000000 00000000
00000000 00000000 00000000 00000000
00000000 00000000 00000000 00000000
00000000 00000000 00000000 00000000
00000000 00000000 00000000 00000000
00000000 00000000 00000000 00000000
00000000 00000000 00000000 00000000
00000000 00000000 00000000 00000000
00000000 00000000 00000000 00000000
00000000 00000000 00000000 00000000
00000000 00000000 00999000 00000999
00000000 00000000 00999000 99000999
00000000 00000000 00999000 99000999
00000000 00000000 00999999 99999999
00000000 00110000 00999911 99119999
00000000 00100000 00999911 99119999
00000000 00000010 00999911 99119999
00000000 00000000 00999911 99119999
00000000 00000000 00999911 99119999
00000000 00000000 00999999 99999999
00000000 00000000 00999999 99999999
00000000 00000000 00999999 99999999
00000000 00000000 00000999 99999000
00000000 00000000 00000999 99999000
00000000 00000000 00000999 99999007
00000000 00000000 00000999 99911056
00000000 00000000 00000999 99111100
00000000 00000000 99999999 91111119
00000000 00000000 99999999 91111519
00000000 00000000 99999999 99115199