00000000 00000000 00000000 00000000
00000000 00000000 00000000 00000000
00000000 00000000 00000000 00000000
00000000 00000000 00000000 00000000
00000000 00A00000 00000000 00000000
00000000 0AAA0000 00000000 00000000
0000000A AAAAAA00 00000000 00000000
00000AAA A990AAAA 00000000 00000000
00000AA9 990000AA 00000000 00000000
0000AA99 9900000A A0000000 00000000
0000AABB 9B00000A A0000000 00000000
000AA9B8 9B890000 AA000000 00000000
00AAA9B8 9B890009 AAA00000 00000000
000AA999 99999999 AA000000 00000000
0000AA99 9999999A A0000000 00000000
0000AA99 9999999A A0000000 00000000
00000AA9 999999AA 00000000 00000000
00000AAA A999AAAA 00000000 00000000
0000000A AAAAAA00 00000000 00000000
00000000 0AAA0000 00000000 00000000
00000000 00A00000 00000000 00000000
00000000 00000000 00000000 00000000
00000000 00000000 00000000 00000000
00000000 00000000 00000000 00000000
00000000 00000000 00000000 00000000
00000000 00000000 00000000 00000000
00000000 00000000 00000000 00000000
00000000 00000000 00000000 00000000
00000000 00000000 00000000 00000000
00000000 00000000 00000000 00000000
00000000 00000000 00000000 00000000
00000000 00000000 00000000 00000000
