00000000 00000000 00000000 00000000
00000000 00000000 00000000 00000000
00000000 00000000 00000000 00000000
00000000 00000000 00000000 00000000
00000000 00000000 00000000 00000000
00000000 00000000 00000000 00000000
00000000 00000000 00000000 00000000
00000000 00000A00 00000000 00000000
00000000 0000AAA0 00000000 00000000
00000000 00AAAAAA A0000000 00000000
00000000 AAAA990A AAA00000 00000000
00000000 AA999000 0AA00000 00000000
0000000A A9999000 00AA0000 00000000
0000000A ABB9B000 00AA0000 00000000
000000AA 9B89B890 000AA000 00000000
00000AAA 9B89B890 009AAA00 00000000
000000AA 99999999 999AA000 00000000
0000000A A9999999 99AA0000 00000000
0000000A A9999999 99AA0000 00000000
00000000 AA999999 9AA00000 00000000
00000000 AAAA999A AAA00000 00000000
00000000 00AAAAAA A0000000 00000000
00000000 0000AAA0 00000000 00000000
00000000 00000A00 00000000 00000000
00000000 00000000 00000000 00000000
00000000 00000000 00000000 00000000
00000000 00000000 00000000 00000000
00000000 00000000 00000000 00000000
00000000 00000000 00000000 00000000
00000000 00000000 00000000 00000000
00000000 00000000 00000000 00000000
00000000 00000000 00000000 00000000
