000000A0 00000000 00000000 00000000
00000AAA 00000000 00000000 00000000
000AAAAA AA000000 00000000 00000000
0AAAA990 AAAA0000 00000000 00000000
0AA99900 00AA0000 00000000 00000000
AA999900 000AA000 00000000 00000000
AABB9B00 000AA000 00000000 00000000
A9B89B89 0000AA00 00000000 00000000
A9B89B89 0009AAA0 00000000 00000000
A9999999 9999AA00 00000000 00000000
AA999999 999AA000 00000000 00000000
AA999999 999AA000 00000000 00000000
0AA99999 99AA0000 00000000 00000000
0AAAA999 AAAA0000 00000000 00000000
000AAAAA AA000000 00000000 00000000
00000AAA 00000000 00000000 00000000
000000A0 00000000 00000000 00000000
00000000 00000000 00000000 00000000
00000000 00000000 00000000 00000000
00000000 00000000 00000000 00000000
00000000 00000000 00000000 00000000
00000000 00000000 00000000 00000000
00000000 00000000 00000000 00000000
00000000 00000000 00000000 00000000
00000000 00000000 00000000 00000000
00000000 00000000 00000000 00000000
00000000 00000000 00000000 00000000
00000000 00000000 00000000 00000000
00000000 00000000 00000000 00000000
00000000 00000000 00000000 00000000
00000000 00000000 00000000 00000000
00000000 00000000 00000000 00000000
