00000000 00000000 00000000 00000000
00000000 00000000 00000000 00000000
00000000 A0000000 00000000 00000000
0000000A AA000000 00000000 00000000
00000AAA AAAA0000 00000000 00000000
000AAAA9 90AAAA00 00000000 00000000
000AA999 0000AA00 00000000 00000000
00AA9999 00000AA0 00000000 00000000
00AABB9B 00000AA0 00000000 00000000
0AA9B89B 890000AA 00000000 00000000
AAA9B89B 890009AA A0000000 00000000
0AA99999 999999AA 00000000 00000000
00AA9999 99999AA0 00000000 00000000
00AA9999 99999AA0 00000000 00000000
000AA999 9999AA00 00000000 00000000
000AAAA9 99AAAA00 00000000 00000000
00000AAA AAAA0000 00000000 00000000
0000000A AA000000 00000000 00000000
00000000 A0000000 00000000 00000000
00000000 00000000 00000000 00000000
00000000 00000000 00000000 00000000
00000000 00000000 00000000 00000000
00000000 00000000 00000000 00000000
00000000 00000000 00000000 00000000
00000000 00000000 00000000 00000000
00000000 00000000 00000000 00000000
00000000 00000000 00000000 00000000
00000000 00000000 00000000 00000000
00000000 00000000 00000000 00000000
00000000 00000000 00000000 00000000
00000000 00000000 00000000 00000000
00000000 00000000 00000000 00000000
