00000000 00000000 00000000 00000000
00000000 00000000 00000000 00000000
00000000 00000000 00000000 00000000
00000000 00000000 00000000 00000000
00000000 00000000 00000000 00000000
00000000 00000000 00000000 00000000
00000000 00000000 00000000 00000000
00000000 00000000 00000000 00000000
00000000 00000000 00000000 00000000
00000000 00000000 00000000 00000000
00000000 00000000 00000000 00000000
00000000 00000000 00000000 00000000
00000000 00000000 00000000 00000000
00000000 00000000 00000000 00000000
00000000 00000000 00000000 00000000
00000000 00000000 00000099 90000000
00000000 00000000 00000099 90009900
00000000 000AA000 00000099 90009900
00000000 000A0000 00000099 99999999
00000000 000000AA 00000099 99AA999A
00000000 000000A0 00000099 99AA999A
00000000 00000000 00A00099 99AA999A
00000000 00000000 00000099 99AA999A
00000000 00000000 00000099 99AA999A
00000000 00000000 00000099 99999999
00000000 00000000 00000099 99999999
00000000 00000000 00000099 99999999
00000000 00000000 00000000 09999999
00000000 00000000 00000000 09999999
00000000 00000000 00000000 09999999
00000000 00000000 00000000 0999999A
00000000 00000000 00000000 099999AA