00000000 00000000 00000000 00000000
00000000 00000000 00000000 00900990
00000000 00000000 00000099 09900900
00009900 00000000 00000099 99009900
00000999 00000000 00000009 90099009
00090099 99000000 00000099 99999999
00090990 99000000 00009990 99990000
00099990 00000000 70000000 99000000
00000999 00000000 70070009 99900000
00000909 99000000 00700009 09990000
00099900 00000000 07700999 00999000
00090990 00000000 06770000 00099990
00990099 90990000 76770000 00090090
99900090 99900000 77670000 00999000
00000990 00000000 77670600 09909900
00000900 90000007 77770000 00900990
00009999 99000077 77770000 00900000
00099090 09000077 77777000 99990000
00990000 00007077 77777000 90999000
00900000 00000077 66777070 00909900
00000000 00000076 67777700 99900000
00000000 00000075 67777609 99090000
00000000 00000075 67766609 09000000
00000000 00000756 66566000 09000000
00000000 00000656 66556000 00000000
00000000 00000766 65566000 00000000
00000000 00000756 66555000 00000000
00000000 00000566 56555000 00000000
00000000 00007666 55556000 00000000
00000000 00007766 65577700 00000000
00000000 00888888 88888800 00000000
00000000 08888888 88888880 00000000