00900000 00000000 00000000 99000009
00999000 00000000 00000009 90000099
00099000 00000000 00000099 00000099
00009900 00000000 00009990 00099990
00000999 00000000 00099000 00999000
00000009 90000000 00090000 00990000
00000000 99000000 00900000 09900000
90000000 99900000 09000009 99000000
99000000 00990000 09000099 00000000
09099000 00009000 90000900 00000000
00909900 00000909 99009000 00000000
00000990 00000999 99990000 00000000
00000009 09909999 99999000 00000000
00000000 90909999 99999000 00000000
00000000 00099999 99999900 00000099
00000000 00099999 99999900 00909990
00000000 00999999 99999909 09090000
00000090 99009999 99999090 90000000
00009909 00009999 99999000 00000000
00999000 00090999 99990000 00000000
99900000 00900009 99009090 00000000
99000000 09000009 00000909 09000000
90000000 99000090 00000000 90900000
00000999 90000090 00000000 00099000
00009999 00000900 00000000 00009909
00999900 00009000 00000000 00000090
09999000 00099000 00000000 00000000
99900000 00990000 00000000 00000000
99900000 00900000 00000000 00000000
99000000 99900000 00000000 00000000
99000099 90000000 00000000 00000000
90000999 00000000 00000000 00000000
