00000000 00999000 00000000 00099900
00000000 09990000 00000000 00999000
00000000 99900000 00000000 09990000
00000000 90000000 00000000 09900000
00000009 90000000 00000009 99000000
00000099 00000000 00000099 90000000
00009900 00000000 00009090 00000000
00099000 00000000 00009900 00000000
00090000 00000000 00090000 00000000
00900000 00000000 90900000 00000000
09000000 00000099 09900000 00000000
99900000 00909990 00000000 00000000
99999009 09090000 00000000 00000000
99999990 90000000 00000000 00000000
99999900 00000000 00000000 00000000
99999990 00000000 00000000 00000000
99999990 00900000 00000000 00000000
99999999 09090900 00000000 00000000
99999900 90009090 00000000 00000000
99999900 00000009 90000000 00000000
99999000 00000000 99090000 00000000
99900900 00000000 99090000 00000000
90000090 00000000 00000999 90000000
09000099 00000000 00009009 99000000
00900000 99000000 00000000 99990000
00990000 09900000 00000000 00990900
00099000 00999000 00000000 09999000
00009000 00099000 00000000 00099990
00009900 00009990 00000000 00009099
00000990 00000999 00000000 00000009
00000099 00000099 90000000 00000009
00000009 00000009 99000000 00000000
