00000000 00000000 00000000 00000020
00000000 00000000 00000000 00200220
00002000 00000000 00000022 02200200
00002200 00000000 00000022 22002202
00000222 00000000 00700002 20022002
00220022 22000007 00000022 22222222
00020220 22000707 00002220 22220000
00022220 00000000 07002000 22000000
00000222 02000000 77000002 22200000
00000202 22000000 67700202 02220000
00022200 00000007 76700222 00222000
00020220 00020707 76700000 00022220
20220022 20220007 77707000 00020022
22200020 22200077 77700000 00222000
00000220 00000777 77700000 02202200
00000200 20070777 77770000 00200220
00002222 22000777 77770000 00200022
00022020 02200777 67770070 22220000
00220000 00200776 67777000 20222000
00200002 00020766 77776000 00202200
00222022 00000756 77666000 22200200
02202220 00000756 76660002 22020000
22000200 00007666 66560222 02000000
20000220 00007566 65560000 02000000
00000022 00006566 65560000 22200000
00000000 00007666 55660022 22220000
00000000 00007566 65550220 02020000
00000000 00005665 65550000 22000000
00000000 00076665 55560000 20000000
00000000 00077666 55677002 20000000
00000000 00888888 88888802 00000000
00000000 08888888 88888880 00000000
