00000000 00000000 00000000 00000000
00000000 00000000 00000000 00200220
00000000 00000000 00000022 02200200
00002200 00000000 00000022 22002200
00000222 00000000 00000002 20022002
00020022 22000000 00000022 22222222
00020220 22000000 00002220 22220000
00022220 00000000 70000000 22000000
00000222 00000000 70070002 22200000
00000202 22000000 00700002 02220000
00022200 00000000 07700222 00222000
00020220 00000000 06770000 00022220
00220022 20220000 76770000 00020020
22200020 22200000 77670000 00222000
00000220 00000000 77670600 02202200
00000200 20000007 77770000 00200220
00002222 22000077 77770000 00200000
00022020 02000077 77777000 22220000
00220000 00007077 77777000 20222000
00200000 00000077 66777070 00202200
00000000 00000076 67777700 22200000
00000000 00000075 67777602 22020000
00000000 00000075 67766602 02000000
00000000 00000756 66566000 02000000
00000000 00000656 66556000 00000000
00000000 00000766 65566000 00000000
00000000 00000756 66555000 00000000
00000000 00000566 56555000 00000000
00000000 00007666 55556000 00000000
00000000 00007766 65577700 00000000
00000000 00888888 88888800 00000000
00000000 08888888 88888880 00000000