00000000 00000000 00000000 00000000
00000000 00000000 00000000 00000000
00000000 00000000 00000000 00000000
00000000 09990000 00009990 00000000
00000000 09990009 90009990 00000000
00000000 09990009 90009990 00000000
00000000 09999999 99999990 00000000
00000000 09999779 97799990 00000000
00000000 09999779 97799990 00000000
00000000 09999779 97799990 00000000
00000000 09999779 97799990 00000000
00000000 09999779 97799990 00000000
00000000 09999999 99999990 00000000
00000000 09999999 99999990 00000000
00000000 09999999 99999990 00000000
00000000 00009999 99990000 00000000
00000000 00009999 99990000 00000000
00000000 00009999 99990070 00000000
00000000 00009999 99440560 00000000
00000000 00009999 94444000 00000000
00000009 99999999 44444499 90000000
00000009 99999999 44443499 90000000
00000009 99999999 94434999 90000000
00000009 99999999 99449999 90000000
00000009 99999999 99999999 90000000
00000009 99999999 99999999 90000000
00000009 99999999 99999999 90000000
00000009 99999999 99999999 90000000
00000000 00000000 00000000 00000000
00000000 00000000 00000000 00000000
00000000 00000000 00000000 00000000
00000000 00000000 00000000 00000000
