99999999 99999999 99999999 99999999
99999999 99999999 99999999 99999999
99999999 99000999 99990099 99999999
99999999 90000999 99990009 99999999
99999999 90000990 09990000 09999999
99999999 90000090 00990000 09999999
99999999 90000000 00090000 09999999
99999999 90000110 11000000 09999999
99999999 90000110 11000000 09999999
99999999 90000110 11000000 09999999
99999999 00000110 11000000 99999999
99999999 00000100 10000000 99999999
99999999 00000000 00000000 99999999
99999999 90000000 00000000 99999999
99999999 99000000 00000000 99999999
99999999 99990000 00000000 99999999
99999999 99990000 00009999 99999999
99999999 99990000 00009999 99999999
99999999 99990000 00109979 99999999
99999999 00090000 01110569 99999999
99999990 00000000 11111999 99999999
99999990 00000000 11115100 99999999
99999990 00000000 01151000 00999999
99999990 00000000 00110000 00999999
99999990 00000000 00000000 00999999
99999990 00000000 00000000 09999999
99999999 00000000 00000000 09999999
99999999 99999900 00000000 09999999
99999999 99999999 99000000 09999999
99999999 99999999 99999999 09999999
99999999 99999999 99999999 99999999
99999999 99999999 99999999 99999999
