00000000 00000000 00000000 00000000
00000000 00000000 00000000 00000000
00000000 00000000 00000000 00000000
00000000 00000000 00000000 00000000
00000000 00000000 00000000 00000000
00000000 00000000 07777700 00000000
00000000 00000000 77777EEE 00000000
00000000 00000007 7777EEEE E0000000
00000000 00000777 77777EEE EE000000
00000000 00007777 7777700E EEE00000
00000000 00777777 77000000 00000000
00000000 00777777 77007777 00000000
00000000 77777777 70077EEE E0000000
00000007 77777777 77777EEE EE000000
00000007 77777777 7777EEEE EEE90000
00000077 77777777 77777EE9 EEE90000
00000077 77777777 77777999 99E99000
00000777 77777777 77799999 99999000
00077777 77777777 70999999 99999000
07777777 77777777 70099999 99990000
77777777 77777777 00099999 99990000
77777777 77777777 00009999 99900E00
77777777 77777777 70000099 9000EE00
77777777 77777777 70000000 000EEE00
77777777 77777777 77000000 00EEE000
77777777 77777777 77700007 7EEEE000
77777777 77777777 77770077 EEEEE000
77777777 77777777 77777777 EEEE0000
77777777 77777777 77777777 7EE00000
77777777 00777777 77777777 77700000
77777700 00077777 77777777 77000000
77777000 00000777 77777777 00000000
