00000000 00000000 00000000 00000000
00000000 00000000 00000000 00000000
00000000 00000000 00000000 00000000
00000000 00000000 00000000 00000000
00000000 00000000 00000000 00009900
00000000 00000000 09000000 00099000
00000000 00000900 09000000 00090000
00000000 00000990 00900000 00900000
00000000 00000099 00900000 09000000
00000000 00000009 00099009 90000000
00000000 00000000 90000909 00000900
00000000 00000000 09009990 00009900
07777700 00000000 00999999 90090000
77777EEE 00009000 09999999 99900000
7777EEEE E0000900 09999999 99000000
77777EEE EE000090 99999999 99900000
7777700E EEE00099 99999999 99900000
77000000 00000000 99999999 99990000
77007777 00000000 09999999 99009000
70077EEE E0000000 09999999 99009900
77777EEE EE000000 90999999 90000990
7777EEEE EEE00099 00009990 09000000
77777EE0 EEE00090 00009000 00900000
77777000 00900000 00990000 00099000
77700000 00000000 09000000 00009900
70000000 00000000 00000000 00000900
70000000 00000000 00000000 00000000
00000000 00000E00 00000000 00000000
00000000 0000EE00 00000000 00000000
00000000 000EEE00 00000000 00000000
00000000 00EEE000 00000000 00000000
00000000 0EEEE000 00000000 00000000