00000000 00000000 00000000 00000000
07000000 00000000 00000000 00000000
70000000 00000000 00000099 09000000
00000000 00000000 00000099 99000000
00000999 00000000 00000009 90090000
00000099 99000000 00000099 99990000
00000090 99000000 00000000 90000000
00009990 00000000 00000000 90000000
00000099 00000000 00000009 99000000
00000009 00000000 00000000 09900000
00000000 00000000 00000000 00900000
00000000 00000000 00000000 00000000
00000000 00000000 00000000 00000000
00000000 00000000 00000000 00000000
00000000 00000000 00000000 00000000
00000000 00000000 00000000 00000000
00000000 00000000 00000000 00000000
00000000 00000000 00000000 00000000
00000000 00000000 00000000 00000000
00000000 00000000 00000000 00000000
00000000 00000000 00000000 00000000
00000000 00000000 00000000 00000000
00000000 00000000 00000000 00000000
00000000 00000000 70000000 00000000
00000000 00000007 70000000 00000000
00000000 00000077 77000000 00000000
00000000 00007056 77000000 00000000
00000000 00000766 67000000 00000000
00000000 00000566 56700000 00000000
00000000 00007765 55770000 00000000
00000000 00888888 88888800 00000000
00000000 08888888 88888880 00000000
