00000000 00000000 00000000 00000000
00000000 00000000 00000000 00000000
00000000 00000000 00000000 00000000
00000000 09990000 00009990 00000000
00000000 09990009 90009990 00000000
00000000 09990009 90009990 00000000
00000000 09999999 99999990 00000000
00000000 09999119 91199990 00000000
00000000 09999119 91199990 00000000
00000000 09999119 91199990 00000000
00000000 09999119 91199990 00000000
00000000 09999119 91199990 00000000
00000000 09999999 99999990 00000000
00000000 09999999 99999990 00000000
00000000 09999999 99999990 00000000
00000000 00009999 99990000 00000000
00000000 00009999 99990007 00000000
00000000 00009999 99990070 00000000
00000000 00009999 99110560 00000000
00000000 00009999 91111000 00000000
00000009 99999999 11111199 90000000
00000009 99999999 11114199 90000000
00000009 99999999 91141999 90000000
00000009 99999999 99119999 90000000
00000009 99999999 99999999 90000000
00000009 99999999 99999999 90000000
00000009 99999999 99999999 90000000
00000009 99999999 99999999 90000000
00000000 00000000 00000000 00000000
00000000 00000000 00000000 00000000
00000000 00000000 00000000 00000000
00000000 00000000 00000000 00000000
