00000000 00000000 07700000 00000000
00000000 00000000 07700000 00000700
01000001 70000000 77700000 00007000
00001111 00000000 77700070 11070000
00011110 00000077 75700000 01070000
00011100 00000776 65600000 07770010
00010010 07000776 55670000 06670000
00001000 07000776 55670005 56700110
00000000 00770766 55677055 67700010
00000000 00757766 55677656 60000070
00000700 00657666 55666556 00077000
00000077 76665656 55665566 65570000
00700007 77765655 55555666 55000000
00010007 75766555 55555655 66005700
00100000 77566555 55555556 55555777
70000000 06655555 55555566 66657777
07766000 06665555 55555556 66666000
00776666 66655555 55556555 55000000
00777776 65555555 55556666 57770000
00007777 55555555 55566666 66777700
00000075 66655555 55556676 06665700
00006667 66555555 55655670 00006777
00777076 66565565 55666560 00000777
00700076 65565665 56566066 71000000
77000766 56655666 56650001 11000010
010007776 66665666 56670761 17000010
00177075 76656766 75070111 00007000
00700066 76770776 75007000 00000000
00000667 06700777 77000700 00700000
00010670 06100077 77001000 00000000
00007770 07710077 70010000 00000000
00077700 77000007 70000000 00000000
