00000000 00000000 00000000 00000000
00000000 00000000 00000000 00000000
00000000 00999000 00009900 00000000
00000000 09999000 00009990 00000000
00000000 09999009 90009999 90000000
00000000 09999909 99009999 90000000
00000000 09999999 99909999 90000000
00000000 09999911 91199999 90000000
00000000 09999119 11999999 90000000
00000000 09999119 11999999 90000000
00000000 99999119 11999999 00000000
00000000 99999199 19999999 00000000
00000000 99999999 99999999 00000000
00000000 09999999 99999999 00000000
00000000 00999999 99999999 00000000
00000000 00009999 99999999 00000000
00000000 00009999 99990007 00000000
00000000 00009999 99990006 00000000
00000000 00009999 99190670 00000000
00000000 99909999 91119500 00000000
00000009 99999999 11111000 00000000
00000009 99999999 11114199 00000000
00000009 99999999 91141999 99000000
00000009 99999999 99119999 99000000
00000009 99999999 99999999 99000000
00000009 99999999 99999999 90000000
00000000 99999999 99999999 90000000
00000000 00000099 99999999 90000000
00000000 00000000 00999999 90000000
00000000 00000000 00000000 90000000
00000000 00000000 00000000 00000000
00000000 00000000 00000000 00000000