00000000 00000000 00000000 00000000
00000000 00000000 00000000 00000000
00000000 00000000 00000000 00000000
00990000 00000000 00000000 00000000
09009000 00000000 00000000 00000000
09009000 00000000 00000000 09000900
09999009 09000900 09909090 90909090
09009099 99909090 90009090 09009090
09009009 09009990 90009900 00000000
09009009 09009090 09909090 99999999
00000000 00000000 00000000 00000000
00000000 00000000 00000000 00000000
00000000 00000000 00000000 00000000
09900000 00000000 00000000 09000000
09090000 00000000 00000000 09000000
09009000 00000000 00000000 00000000
09009099 90090009 90090099 90999000
09009090 90909090 00909090 90090000
09090099 00999090 90909090 90009000
09900090 90909099 90090090 90999000
00000000 00000000 00000000 00000000
00000000 00000000 00000000 00000000
00000000 00000000 00000000 00000000
00000000 00000000 00000000 00000000
00000000 00000000 00000000 00000000
00000000 00000000 00000000 00000000
00000000 00000000 00000000 00000000
00000000 00000000 00000000 00000000
00000000 00000000 00000000 00000000
00000000 00000000 00000000 00000000
00000000 00000000 00000000 00000000
00000000 00000000 00000000 00000000