77000777 00000000 00000000 00000000
77000077 70000000 00000000 00000077
77700007 77700000 00000000 00000077
07700000 07770000 00000000 00000770
00777000 00777000 00000000 00007700
00077000 00007700 00000000 00777000
00007700 00000770 00000000 07700000
00000707 70000777 00000000 07000077
70000070 77000007 70000000 70000077
70000000 07700000 07000007 00000770
77770000 00070000 00700007 00077700
07777700 00007000 00777070 00770000
00000777 00000770 77777770 07000000
00000007 70700077 77777777 70000000
00000000 07077007 77777777 00000000
00000000 00000777 77777777 70000000
00000000 00000077 77777777 70000000
00000000 00000077 77777777 70000000
00000000 00000707 77777777 00000000
00000000 00007007 77777777 70700000
00000000 00070000 77777770 07070770
00000000 00770007 00777000 00007070
00000007 77700070 00070000 00000077
00000077 77000070 00007700 00000007
00007777 00000700 00000770 00000007
00077770 00007000 00000077 00000000
00077000 00077000 00000007 70000000
00777000 00770000 00000007 70000000
07770000 00700000 00000000 77070000
77770000 77700000 00000000 00777700
77700077 70000000 00000000 00777700
70000777 00000000 00000000 00007770