00000000 00000000 00000000 00000000
00000000 00000000 00000000 00000000
00000000 00000000 00000000 00000000
00000000 00000000 00000000 00000000
00000000 00000000 00000000 00000000
00000000 00000000 00000000 00000000
00000000 00000000 00000000 00000000
00000000 00000999 00000000 99900000
00000000 00000999 00099000 99900000
00000000 00000999 00099000 99900000
00000000 00000999 99999999 99900000
00000000 00000999 91199119 99900000
00000000 00000999 91199119 99900000
00000000 01000999 91199119 99900000
00000000 00000999 91199119 99900000
00000000 00000999 91199119 99900000
00000000 00000999 99999999 99900000
00000000 00000999 99999999 99900000
00000000 00000999 99999999 99900000
00000000 00000000 99999999 00000000
00000000 00000000 99999999 00000000
00000000 00000000 99999999 00700000
00000000 00000000 99999911 05600000
00000000 00000000 99999111 10000000
00000000 00099999 99991111 11999000
00000000 00099999 99991111 51999000
00000000 00099999 99999115 19999000
00000000 00099999 99999911 99999000
00000000 00099999 99999999 99999000
00000000 00099999 99999999 99999000
00000000 00099999 99999999 99999000
00000000 00099999 99999999 99999000