00000000 00000000 00000000 00000000
00000000 00000000 00000000 00000000
00000000 00000000 00000099 09900900
00000900 00000000 00000099 99009900
00000999 00000000 00000009 90099000
00000099 99000000 00000099 99990000
00090990 99000000 00000990 99990000
00099990 00000000 00000000 99000000
00000999 00000000 00000009 99900000
00000909 90000000 00000009 09990000
00099900 00000000 00000009 00999000
00090990 00000000 00000000 00099900
00000099 90000000 00000000 00090000
00000090 99000000 00000000 00999000
00000990 00000000 00000000 09909000
00000000 00000000 00000000 00900000
00000000 00000007 07000000 00900000
00000000 00000000 77000000 99900000
00000000 00000000 77700000 90000000
00000000 00000007 67700000 00000000
00000000 00000007 76700000 00000000
00000000 00000077 76700000 00000000
00000000 00000777 77707000 00000000
00000000 00070776 67770000 00000000
00000000 00000756 77650000 00000000
00000000 00000556 75667000 00000000
00000000 00006666 65566000 00000000
00000000 00007566 65560000 00000000
00000000 00005665 55550000 00000000
00000000 00077666 55677000 00000000
00000000 00888888 88888800 00000000
00000000 08888888 88888880 00000000