90000000 00000000 00999000 00000000
99000000 00000000 09900000 00000000
09990000 00000000 99900000 00000000
00099000 00000000 99000000 00000000
00009000 00000009 90000000 00000000
00000900 00000999 00000000 00000000
00000090 00009900 00000000 00000000
90000090 00090000 00000000 00000000
99000009 00900000 00000000 00000099
00900009 99000000 00000000 00009099
00090999 99990000 00000000 09909990
90009999 99999000 00000099 09090900
99909999 99999000 00909990 90000000
00999999 99999909 09090000 00000000
00099999 99999990 90000000 00000000
00099999 99999900 00000000 00000000
00009999 99999000 00000000 00000000
00099999 99999909 00000000 00000000
09900999 99990090 90900000 00000000
99000909 99000000 09090000 00000000
90009000 09000000 00009900 00000000
00090000 00900000 00000990 90000000
00990000 00900000 00000009 09909000
09900000 00090000 00000000 00999900
99000000 00009000 00000000 00000990
90000000 00009900 00000000 00000099
90000000 00000990 00000000 00000009
00000000 00000090 00000000 00000009
00000000 00000099 90000000 00000000
00000000 00000000 99000000 00000000
00000000 00000000 99900000 00000000
00000000 00000000 09990000 00000000
