99000999 00000000 00000000 00000000
99000099 90000000 00000000 00000099
99900009 99900000 00000000 00000099
09900000 09990000 00000000 00000990
00999000 00999000 00000000 00009900
00099000 00009900 00000000 00999000
00009900 00000990 00000000 09900000
00000909 90000999 00000000 09000099
90000090 99000009 90000000 90000099
90000000 09900000 09000009 00000990
99990000 00090000 00900009 00099900
09999900 00009000 00999090 00990000
00000999 00000990 99999990 09000000
00000009 90900099 99999999 90000000
00000000 09099009 99999999 00000000
00000000 00000999 99999999 90000000
00000000 00000099 99999999 90000000
00000000 00000099 99999999 90000000
00000000 00000909 99999999 00000000
00000000 00009009 99999999 90900000
00000000 00090000 99999990 09090990
00000000 00990009 00999000 00009090
00000009 99900090 00090000 00000099
00000099 99000090 00009900 00000009
00009999 00000900 00000990 00000009
00099990 00009000 00000099 00000000
00099000 00099000 00000009 90000000
00999000 00990000 00000009 90000000
09990000 00900000 00000000 99090000
99990000 99900000 00000000 00999900
99900099 90000000 00000000 00999900
90000999 00000000 00000000 00009990
